0.0576158
0.13525
0.0668121
0.00800571
0.227018
0.0564524
0.0230715
0.0576158
0.13525
0.0668121
0.00800571
0.227018
0.0564524
0.0230715
0.00798467
0.00800571
0.00800571
0.00798467
0.0745833
0.10913
0.0379001
0.00800571
0.119979
0.00886534
0.00886534
0.0466416
0.00798467
0.0100193
0.00798467
0.128552
0.0457128
0.0292397
0.0596363
0.0593864
0.0907937
0.00800571
0.0641206
0.00800571
0.00865156
0.0365176
0.0088627
0.00800571
0.0508188
0.0088627
0.147415
0.0645554
0.00886534
0.0225669
0.0946903
0.141941
0.130761
0.00800571
0.00472555
0.00886534
0.0966895
0.0651325
0.018663
0.00800571
0.0558552
0.0447374
0.00798467
0.0493426
0.00800571
0.00800571
0.00800571
0.0341088
0.0828769
0.0147244
0.106591
0.0208473
0.192693
0.00800571
0.00800571
0.00800571
0.204251
0.0777248
0.00798467
0.00800571
0.00800571
0.0070059
0.00800571
0.0599849
0.00800571
0.107709
0.00800571
0.00800571
0.0223079
0.0768465
0.00800571
0.195965
0.0582523
0.0554159
0.120288
0.0697619
0.0516056
0.0641787
0.00886534
0.112919
0.0959873
0.00798467
0.0718878
0.00798467
0.0579043
0.0777119
0.00798467
0.0708757
0.0333705
0.0754691
0.0183719
0.0530496
0.0788856
0.092961
0.0508584
0.00800571
0.0938426
0.00800571
0.00800571
0.109053
0.198792
0.00800571
0.0435815
0.0601297
0.0672206
0.00886534
0.00800571
0.0554944
0.00800571
0.0246626
0.00800571
0.00800571
0.00800571
0.140989
0.00800571
0.0726433
0.00800571
0.0469688
0.106722
0.0985319
0.035878
0.140633
0.0109269
0.00798467
0.0481541
0.253277
0.0314583
0.0088627
0.0854277
0.105544
0.0169561
0.121181
0.00798467
0.00800571
0.0891055
0.00800571
0.00800571
0.00798467
0.145934
0.114341
0.0344074
0.0088627
0.147959
0.215886
0.00800571
0.00886534
0.00800571
0.00800571
0.00798467
0.00751782
0.0395598
0.00886534
0.00798467
0.00800571
0.0640716
0.00800571
0.0819311
0.0262207
0.00798467
0.00798467
0.00800571
0.149273
0.00798467
0.0377393
0.0887947
0.0920623
0.0702197
0.15719
0.00800571
0.0365496
0.0455003
0.109646
0.00798467
0.021526
0.0478799
0.0088627
0.0833535
0.00800571
0.00798467
0.00798467
0.00798467
0.00800571
0.00800571
0.00800571
0.0356772
0.00800571
0.150361
0.0552548
0.0733707
0.00800571
0.0390542
0.00800571
0.0702986
0.0845994
0.0949052
0.0200134
0.00800571
0.00798467
0.00800571
0.00800571
0.00800571
0.00886534
0.00800571
0.080165
0.00800571
0.231755
0.0994368
0.0503388
0.0705332
0.00800571
0.00798467
0.142473
0.0689051
0.00800571
0.184167
0.199759
0.0510766
0.0814067
0.0798562
0.00580847
0.00798467
0.019671
0.0924494
0.00800571
0.00800571
0.0431494
0.068837
0.00798467
0.0753257
0.0088627
0.20096
0.00800571
0.159808
0.0848417
0.00954497
0.00800571
0.116355
0.139347
0.0983504
0.0535531
0.00627659
0.144667
0.176208
0.246392
0.00798467
0.0392103
0.00798467
0.00800571
0.00798467
0.102706
0.067471
0.00800571
0.0596211
0.0088627
0.107635
0.00782753
0.0409601
0.162783
0.0446435
0.00800571
0.00800571
0.00798467
0.00800571
0.00800571
0.0151137
0.00800571
0.00800571
0.00798467
0.00886534
0.0576586
0.226585
0.0321876
0.00970773
0.0674768
0.00800571
0.0693361
0.103577
0.00800571
0.0088627
0.0381366
0.144283
0.00886534
0.00800571
0.0701485
0.0682176
0.00800571
0.0589974
0.0673045
0.0443897
0.11211
0.159006
0.0377947
0.115319
0.00886534
0.060827
0.113373
0.00798467
0.00800571
0.0408451
0.0725841
0.166072
0.00798467
0.122566
0.0531074
0.0088627
0.0639534
0.00798467
0.00798467
0.00798467
0.143071
0.0558515
0.00886534
0.0953927
0.061673
0.00798467
0.0935312
0.0318218
0.0854913
0.0695815
0.158943
0.00886534
0.00800571
0.00800571
0.0178355
0.0546754
0.00798467
0.062623
0.045069
0.0408877
0.00800571
0.067684
0.0833576
0.0878633
0.152954
0.0854779
0.054522
0.0302924
0.0610855
0.00800571
0.00800571
0.00800571
0.0217534
0.00798467
0.0047272
0.00798467
0.0779065
0.00800571
0.0759771
0.00798467
0.0244641
0.0187794
0.133922
0.139669
0.00800571
0.0735904
0.00886534
0.108946
0.0336524
0.062992
0.241825
0.16086
0.00798467
0.00800571
0.0288519
0.0869802
0.00800571
0.140969
0.00886534
0.0185136
0.00800571
0.00798467
0.050934
0.0729407
0.0796398
0.0430869
0.0540177
0.0901491
0.00800571
0.0443323
0.00886534
0.00725906
0.0277273
0.00800571
0.179253
0.112211
0.0589141
0.100822
0.0088627
0.00800571
0.0782849
0.0721794
0.138844
0.1775
0.00800571
0.00800571
0.0321154
0.0565872
0.0477474
0.00800571
0.13276
0.114358
0.0742849
0.00800571
0.00800571
0.0354127
0.0463044
0.0848052
0.00800571
0.0811287
0.0133708
0.00800571
0.177737
0.0689384
0.0350806
0.108094
0.00800571
0.102432
0.0720845
0.00800571
0.137272
0.00799752
0.0304084
0.00798467
0.00798467
0.00800571
0.0279115
0.0528565
0.00800571
0.00800571
0.0153066
0.00367281
0.0622836
0.0367754
0.00800571
0.0774913
0.00800571
0.00383332
0.0953157
0.00798467
0.062618
0.0236748
0.0560716
0.123178
0.0589146
0.00800571
0.107188
0.00800571
0.0815696
0.0183009
0.0971154
0.00800571
0.0894705
0.096167
0.0453747
0.141167
0.0709957
0.00886534
0.00800571
0.0762846
0.00800571
0.00800571
0.0893709
0.00362371
0.0646234
0.00798467
0.00800571
0.0508184
0.0157611
0.0664104
0.0377131
0.0930921
0.00800571
0.0796082
0.144472
0.0088627
0.0626857
0.125644
0.0519007
0.0883217
0.00800571
0.174987
0.06936
0.00800571
0.00800571
0.00800571
0.155797
0.00800571
0.00800571
0.0972187
0.0812885
0.00798467
0.0685939
0.074748
0.00800571
0.00886534
0.0216939
0.067028
0.00798467
0.122022
0.00800571
0.0607263
0.0415697
0.0088627
0.0423012
0.0588092
0.0121511
0.00800571
0.146224
0.0704379
0.0998596
0.177412
0.0424454
0.00800571
0.0483563
0.00800571
0.00800571
0.00800571
0.155566
0.0374091
0.0681405
0.112447
0.0331693
0.108949
0.0794487
0.0739406
0.00800571
0.0594825
0.00800571
0.00762157
0.112028
0.00798467
0.00798467
0.00800571
0.110195
0.00800571
0.0670002
0.134101
0.0928336
0.00800571
0.150632
0.0561157
0.0678392
0.00800571
0.258574
0.0473753
0.0415746
0.00267385
0.00798467
0.00800571
0.0180676
0.00798467
0.0328187
0.0835465
0.00800571
0.00800571
0.13297
0.0830575
0.13334
0.0563542
0.00800571
0.00800571
0.0401936
0.102647
0.0820259
0.0618656
0.00800571
0.0431693
0.0177247
0.164717
0.0088627
0.00798467
0.0685091
0.0540765
0.00800571
0.00800571
0.0242154
0.108842
0.00754132
0.00798467
0.0088627
0.0875849
0.0723965
0.155762
0.00800571
0.00800571
0.0586853
0.0653218
0.103705
0.00800571
0.0804952
0.00800571
0.022486
0.155391
0.0206239
0.00800571
0.00885002
0.168162
0.0627047
0.0296944
0.0802937
0.0129749
0.00800571
0.146582
0.0674077
0.068739
0.00912835
0.00798467
0.00567925
0.00886534
0.0585671
0.00800571
0.00800571
0.00800571
0.0466363
0.00798467
0.102623
0.137381
0.0378763
0.00798467
0.120229
0.00800571
0.0829019
0.0088627
0.00798467
0.00800571
0.0088627
0.0808603
0.00800571
0.0756011
0.00798467
0.139588
0.00800571
0.0612194
0.00886534
0.00798467
0.00798467
0.12003
0.00798467
0.0889029
0.0576158
0.13525
0.0668121
0.00800571
0.227018
